close
0.503250002861023
0.4947499930858612
0.4797500073909759
0.4785000085830688
0.4964999854564667
0.4984999895095825
0.492249995470047
0.4914999902248382
0.4934999942779541
0.4900000095367431
0.4990000128746032
0.5005000233650208
0.5074999928474426
0.5162500143051147
0.5177500247955322
0.515500009059906
0.4907500147819519
0.4827499985694885
0.4945000112056732
0.4799999892711639
0.4905000030994415
0.5027499794960022
0.5040000081062317
0.5122500061988831
0.5099999904632568
0.5095000267028809
0.5237500071525574
0.5202500224113464
0.5575000047683716
0.5577499866485596
0.559499979019165
0.5529999732971191
0.5544999837875366
0.5584999918937683
0.5540000200271606
0.5577499866485596
0.5534999966621399
0.5550000071525574
0.5515000224113464
0.5649999976158142
0.5544999837875366
0.5607500076293945
0.5715000033378601
0.5637500286102295
0.5652499794960022
0.574999988079071
0.5720000267028809
0.5667499899864197
0.5674999952316284
0.5742499828338623
0.581250011920929
0.5717499852180481
0.5805000066757202
0.5867499709129333
0.5677499771118164
0.5600000023841858
0.5260000228881836
0.5242499709129333
0.534500002861023
0.5367500185966492
0.5232499837875366
0.5252500176429749
0.5264999866485596
0.5417500138282776
0.546500027179718
0.5504999756813049
0.5632500052452087
0.5690000057220459
0.5637500286102295
0.5590000152587891
0.565750002861023
0.562250018119812
0.5550000071525574
0.5522500276565552
0.5515000224113464
0.5577499866485596
0.5554999709129333
0.5507500171661377
0.5550000071525574
0.5577499866485596
0.5534999966621399
0.5550000071525574
0.5687500238418579
0.5652499794960022
0.5507500171661377
0.5525000095367432
0.562250018119812
0.5207499861717224
0.515749990940094
0.5207499861717224
0.5237500071525574
0.5322499871253967
0.5325000286102295
0.5317500233650208
0.5260000228881836
0.5260000228881836
0.5222499966621399
0.5214999914169312
0.5182499885559082
0.5460000038146973
0.5534999966621399
0.5532500147819519
0.559499979019165
0.5485000014305115
0.5425000190734863
0.5522500276565552
0.5565000176429749
0.543749988079071
0.546500027179718
0.5367500185966492
0.5425000190734863
0.5277500152587891
0.5267500281333923
0.5332499742507935
0.5394999980926514
0.5485000014305115
0.546750009059906
0.5444999933242798
0.5304999947547913
0.5252500176429749
0.5292500257492065
0.5184999704360962
0.503000020980835
0.5027499794960022
0.5099999904632568
0.5105000138282776
0.5042499899864197
0.4947499930858612
0.4912500083446502
0.4852499961853027
0.4937500059604645
0.4970000088214874
0.4972499907016754
0.4937500059604645
0.5047500133514404
0.5017499923706055
0.4925000071525574
0.4947499930858612
0.4852499961853027
0.4912500083446502
0.4855000078678131
0.4827499985694885
0.4932500123977661
0.4992499947547912
0.5005000233650208
0.4987500011920929
0.5072500109672546
0.5092499852180481
0.5145000219345093
0.5112500190734863
0.5745000243186951
0.5945000052452087
0.5914999842643738
0.5929999947547913
0.5879999995231628
0.5885000228881836
0.5847499966621399
0.5770000219345093
0.5747500061988831
0.5540000200271606
0.5367500185966492
0.5177500247955322
0.5070000290870667
0.5452499985694885
0.565750002861023
0.5682500004768372
0.5619999766349792
0.5389999747276306
0.5552499890327454
0.5567499995231628
0.543749988079071
0.5669999718666077
0.5557500123977661
0.5644999742507935
0.5662500262260437
0.5672500133514404
0.5734999775886536
0.5774999856948853
0.5827500224113464
0.5822499990463257
0.5882499814033508
0.5722500085830688
0.574999988079071
0.5860000252723694
0.5902500152587891
0.5824999809265137
0.5927500128746033
0.6162499785423279
0.6042500138282776
0.6200000047683716
0.6355000138282776
0.643750011920929
0.6504999995231628
0.6542500257492065
0.6517500281333923
0.6587499976158142
0.6600000262260437
0.6840000152587891
0.6857500076293945
0.6965000033378601
0.6952499747276306
0.6942499876022339
0.6852499842643738
0.7099999785423279
0.7147499918937683
0.7114999890327454
0.7110000252723694
0.7167500257492065
0.6919999718666077
0.7092499732971191
0.7174999713897705
0.7124999761581421
0.7007499933242798
0.6927499771118164
0.7887499928474426
0.7852500081062317
0.7702500224113464
0.7627500295639038
0.7599999904632568
0.7450000047683716
0.7599999904632568
0.7599999904632568
0.7757499814033508
0.777999997138977
0.7847499847412109
0.7730000019073486
0.7792500257492065
0.778249979019165
0.7847499847412109
0.7929999828338623
0.8187500238418579
0.8125
0.8107500076293945
0.84375
0.827750027179718
0.8389999866485596
0.8177499771118164
0.8245000243186951
0.812250018119812
0.8142499923706055
0.8242499828338623
0.8292499780654907
0.8167499899864197
0.8034999966621399
0.8224999904632568
0.8232499957084656
0.8264999985694885
0.8292499780654907
0.828499972820282
0.8420000076293945
0.8347499966621399
0.8240000009536743
0.809249997138977
0.8222500085830688
0.7882500290870667
0.7570000290870667
0.7407500147819519
0.7419999837875366
0.7544999718666077
0.7315000295639038
0.7167500257492065
0.6777499914169312
0.6832500100135803
0.6869999766349792
0.6949999928474426
0.7112500071525574
0.7105000019073486
0.7174999713897705
0.7089999914169312
0.7012500166893005
0.7322499752044678
0.7325000166893005
0.7014999985694885
0.7049999833106995
0.7052500247955322
0.6607499718666077
0.6305000185966492
0.6372500061988831
0.6357499957084656
0.6324999928474426
0.6432499885559082
0.6747499704360962
0.6915000081062317
0.7509999871253967
0.7609999775886536
0.7879999876022339
0.7900000214576721
0.7954999804496765
0.797249972820282
0.7919999957084656
0.7839999794960022
0.8187500238418579
0.8234999775886536
0.8162500262260437
0.8137500286102295
0.8084999918937683
0.793749988079071
0.7932500243186951
0.7919999957084656
0.8054999709129333
0.8075000047683716
0.8034999966621399
0.8274999856948853
0.8205000162124634
0.8452500104904175
0.8477500081062317
0.8462499976158142
0.8607500195503235
0.8619999885559082
0.8707500100135803
0.8847500085830688
0.8939999938011169
0.890749990940094
0.9037500023841858
0.8949999809265137
0.893750011920929
0.8949999809265137
0.8857499957084656
0.8914999961853027
0.8970000147819519
0.8960000276565552
0.9185000061988832
0.9210000038146972
0.928250014781952
0.9242500066757202
0.9077500104904176
0.9112499952316284
0.9102500081062316
0.9067500233650208
0.9112499952316284
0.9120000004768372
0.9327499866485596
0.9049999713897704
0.8882499933242798
0.8999999761581421
0.8892499804496765
0.8690000176429749
0.8742499947547913
0.8832499980926514
0.8820000290870667
0.8989999890327454
0.9014999866485596
0.8892499804496765
1.024500012397766
1.0547499656677246
1.0570000410079956
1.0839999914169312
1.0887500047683716
1.1082500219345093
1.1100000143051147
1.133999943733215
1.1292500495910645
1.1412500143051147
1.1475000381469729
1.1679999828338623
1.1702500581741333
1.178500056266785
1.1619999408721924
1.156000018119812
1.1582499742507937
1.1545000076293943
1.184499979019165
1.1549999713897705
1.1697499752044678
1.1720000505447388
1.184000015258789
1.1887500286102295
1.1679999828338623
1.1890000104904177
1.1817500591278076
1.180750012397766
1.212249994277954
1.1432499885559082
1.13100004196167
1.1475000381469729
1.1662499904632568
1.1752500534057615
1.1664999723434448
1.183750033378601
1.191249966621399
1.222249984741211
1.2712500095367432
1.3005000352859497
1.3200000524520874
1.319499969482422
1.3329999446868896
1.3174999952316284
1.3242499828338623
1.3380000591278076
1.3554999828338623
1.3305000066757202
1.3667500019073486
1.3919999599456787
1.4157500267028809
1.4014999866485596
1.4045000076293943
1.4275000095367432
1.4182499647140503
1.4010000228881836
1.4047499895095823
1.430750012397766
1.4550000429153442
1.468500018119812
1.472249984741211
1.46274995803833
1.4924999475479126
1.5759999752044678
1.5744999647140503
1.565000057220459
1.528749942779541
1.5525000095367432
1.55649995803833
1.562999963760376
1.5727499723434448
1.5484999418258667
1.538249969482422
1.5507500171661377
1.5497499704360962
1.5407500267028809
1.5334999561309814
1.5787500143051147
1.563249945640564
1.5779999494552612
1.5547499656677246
1.565999984741211
1.4880000352859497
1.5187499523162842
1.496749997138977
1.5099999904632568
1.5672500133514404
1.5709999799728394
1.5917500257492063
1.5772500038146973
1.621500015258789
1.625499963760376
1.6237499713897705
1.6085000038146973
1.66349995136261
1.6694999933242798
1.684999942779541
1.7130000591278076
1.7112499475479126
1.7074999809265137
1.7057499885559082
1.683500051498413
1.6712499856948853
1.6775000095367432
1.653249979019165
1.6607500314712524
1.6337499618530271
1.649749994277954
1.6402499675750732
1.665249943733215
1.6617499589920044
1.6932499408721924
1.6885000467300415
1.7677500247955322
1.7967499494552612
1.8040000200271609
1.7669999599456787
1.7640000581741333
1.7790000438690186
1.7262500524520874
1.718999981880188
1.6990000009536743
1.6892499923706057
1.781749963760376
1.7790000438690186
1.7489999532699585
1.694249987602234
2.1992499828338623
2.0910000801086426
2.154750108718872
2.290750026702881
2.3097500801086426
2.3340001106262207
2.32450008392334
2.341249942779541
2.349250078201294
2.3540000915527344
2.352750062942505
2.331249952316284
2.305000066757202
2.190999984741211
2.211250066757202
2.296999931335449
2.334749937057495
2.376749992370605
2.336999893188477
2.2955000400543213
2.2397499084472656
2.279249906539917
2.411250114440918
2.467750072479248
2.5102500915527344
2.540750026702881
2.6292500495910645
2.645750045776367
2.6777501106262207
2.744499921798706
2.933000087738037
2.731250047683716
2.785749912261963
2.6684999465942383
2.5502500534057617
2.6097500324249268
2.5434999465942383
2.577500104904175
2.681999921798706
2.661750078201294
2.628999948501587
2.5859999656677246
2.585750102996826
2.527750015258789
2.5737500190734863
2.628999948501587
2.600250005722046
2.627249956130981
2.6832499504089355
2.6947500705718994
2.7412500381469727
2.794250011444092
2.750499963760376
2.7295000553131104
2.848750114440918
2.88474988937378
2.859499931335449
2.93274998664856
2.978250026702881
2.965250015258789
2.9094998836517334
2.8405001163482666
2.7095000743865967
2.719500064849853
2.7249999046325684
2.681250095367432
2.680749893188477
2.776750087738037
2.7690000534057617
2.5122499465942383
2.5364999771118164
2.6102499961853027
2.5369999408721924
2.5697500705718994
2.4749999046325684
2.460750102996826
2.4417500495910645
2.4684998989105225
2.46399998664856
2.463500022888184
2.477999925613404
2.546250104904175
2.5445001125335693
2.563750028610229
2.595249891281128
2.651750087738037
2.7362499237060547
2.647749900817871
2.7017500400543213
2.6772499084472656
2.6867499351501465
2.706249952316284
2.6922500133514404
2.683500051498413
2.734999895095825
2.723249912261963
2.7095000743865967
2.5195000171661377
2.500750064849853
2.5190000534057617
2.508249998092652
2.4442501068115234
2.453000068664551
2.43274998664856
2.3872499465942383
2.48075008392334
2.482249975204468
2.492000102996826
2.531500101089477
2.5420000553131104
2.5737500190734863
2.618499994277954
2.6005001068115234
2.6410000324249268
2.6075000762939453
2.66599988937378
2.586999893188477
2.606250047683716
2.596250057220459
2.5964999198913574
2.5692501068115234
2.573499917984009
3.032249927520752
3.1624999046325684
3.19724988937378
3.357749938964844
3.420249938964844
3.193000078201294
3.3267500400543213
3.400000095367432
3.4725000858306885
3.4257500171661377
3.464250087738037
3.4565000534057617
3.5460000038146973
3.6217501163482666
3.608750104904175
3.608999967575073
3.5910000801086426
3.7002499103546143
3.683500051498413
3.7279999256134033
3.998500108718872
3.740000009536743
3.7492499351501465
3.785000085830689
3.7929999828338623
3.8092501163482666
3.7904999256134033
3.933000087738037
3.9272499084472656
3.986749887466431
3.959249973297119
3.845750093460083
3.8037500381469727
3.6644999980926514
3.793750047683716
3.6670000553131104
3.614000082015991
3.48324990272522
3.5762500762939453
3.586999893188477
3.6689999103546143
3.8424999713897705
3.8970000743865967
4.062749862670898
4.015749931335449
4.12375020980835
4.106249809265137
4.14900016784668
4.127500057220459
4.1875
4.202499866485596
4.153749942779541
4.133749961853027
4.18149995803833
4.043499946594238
4.109749794006348
4.062749862670898
4.112249851226807
4.109749794006348
4.162000179290772
4.18025016784668
4.308750152587891
4.257500171661377
4.302750110626221
4.118500232696533
3.8989999294281006
4.210000038146973
4.174499988555908
4.128749847412109
4.036749839782715
4.037499904632568
3.978749990463257
4.06374979019165
4.144999980926514
4.129749774932861
4.095250129699707
4.1242499351501465
4.117499828338623
4.142000198364258
4.236000061035156
4.261499881744385
4.147749900817871
4.145249843597412
4.164500236511231
4.092249870300293
4.224999904632568
4.240250110626221
4.259250164031982
4.235000133514404
4.502749919891357
4.68874979019165
4.683750152587891
4.645999908447266
4.519000053405762
4.474999904632568
4.275000095367432
4.298999786376953
4.393249988555908
4.392000198364258
4.469250202178955
4.474999904632568
4.484250068664551
4.521749973297119
4.51924991607666
4.53249979019165
4.634749889373779
4.723249912261963
4.773499965667725
4.775750160217285
4.864749908447266
4.948249816894531
4.943749904632568
4.939499855041504
4.945000171661377
4.922500133514404
4.915500164031982
4.9670000076293945
4.84149980545044
4.892250061035156
5.046500205993652
5.0960001945495605
5.170249938964844
5.179999828338623
5.148499965667725
5.217249870300293
5.240749835968018
5.300749778747559
5.229000091552734
5.132999897003174
5.403500080108643
5.3157501220703125
5.354499816894531
5.249499797821045
5.290249824523926
5.283999919891357
5.352000236511231
5.401249885559082
5.3732500076293945
5.423999786376953
5.353499889373779
5.267749786376953
4.9105000495910645
5.017749786376953
4.941999912261963
4.666500091552734
4.69350004196167
4.731500148773193
4.799749851226807
4.78725004196167
4.866499900817871
4.770999908447266
4.6545000076293945
4.661749839782715
4.789000034332275
4.947500228881836
4.902750015258789
4.920000076293945
4.897250175476074
4.881750106811523
4.935999870300293
4.9292497634887695
4.934999942779541
4.837500095367432
4.983749866485596
5.3117499351501465
5.339749813079834
5.385000228881836
5.550000190734863
5.548500061035156
5.5920000076293945
5.602000236511231
5.57450008392334
5.502749919891357
5.618000030517578
5.611000061035156
5.752749919891357
5.842249870300293
5.972750186920166
5.894999980926514
5.908750057220459
6.083250045776367
6.171249866485596
6.067999839782715
6.144999980926514
6.012499809265137
5.8379998207092285
5.34250020980835
5.639500141143799
5.71999979019165
5.438000202178955
5.802000045776367
5.70074987411499
5.8157501220703125
6.0355000495910645
6.162499904632568
6.0960001945495605
6.227000236511231
6.037749767303467
6.053750038146973
6.148250102996826
6.164500236511231
6.151500225067139
6.050000190734863
5.80525016784668
5.91349983215332
5.891250133514404
6.053999900817871
6.046000003814697
6.0295000076293945
6.133250236511231
6.24399995803833
6.192749977111816
6.218500137329102
6.233500003814697
6.26200008392334
6.025000095367432
6.239500045776367
6.214000225067139
6.046249866485596
5.824250221252441
6.111999988555908
5.638000011444092
5.533750057220459
5.789750099182129
5.526249885559082
5.633749961853027
5.656000137329102
5.5345001220703125
5.356249809265137
5.385250091552734
5.697750091552734
5.656000137329102
5.864999771118164
5.787499904632568
5.78725004196167
5.938499927520752
5.909249782562256
5.72599983215332
5.717750072479248
5.5970001220703125
5.53000020980835
5.416500091552734
5.630499839782715
5.658249855041504
5.622499942779541
5.678500175476074
5.657750129699707
5.824749946594238
5.976500034332275
6.2170000076293945
6.260000228881836
6.394499778747559
6.5032501220703125
6.363249778747559
6.383999824523926
6.138999938964844
6.15024995803833
6.192749977111816
6.148499965667725
6.105999946594238
6.067500114440918
6.188499927520752
6.192249774932861
6.23199987411499
6.214749813079834
6.324749946594238
6.304749965667725
6.440499782562256
6.621250152587891
6.6267499923706055
6.628749847412109
6.572500228881836
6.557000160217285
6.515500068664551
6.564499855041504
6.559999942779541
6.672749996185303
6.631499767303467
6.6272501945495605
6.5042500495910645
6.557750225067139
6.427750110626221
6.273749828338623
5.978000164031982
6.049749851226807
5.89300012588501
6.021500110626221
5.922500133514404
6.056000232696533
5.921000003814697
6.068250179290772
6.183249950408936
6.231249809265137
6.331250190734863
6.1882500648498535
6.280749797821045
6.232999801635742
6.204999923706055
6.342249870300293
6.292500019073486
6.300749778747559
6.272250175476074
6.235249996185303
6.217750072479248
6.296750068664551
6.370999813079834
6.30049991607666
6.103250026702881
6.121500015258789
6.161749839782715
6.265500068664551
6.302499771118164
6.350749969482422
6.423749923706055
6.4604997634887695
6.411499977111816
6.369750022888184
6.402999877929688
6.535749912261963
6.477000236511231
6.435999870300293
6.120500087738037
6.196000099182129
6.333000183105469
6.570499897003174
6.671000003814697
6.805500030517578
6.897500038146973
6.859499931335449
6.962250232696533
6.945250034332275
7.017000198364258
7.09250020980835
6.9604997634887695
6.817999839782715
6.796500205993652
6.868249893188477
6.820000171661377
6.704999923706055
6.7835001945495605
6.910749912261963
6.848249912261963
6.7754998207092285
6.799499988555908
6.6570000648498535
6.586249828338623
6.642499923706055
6.710249900817871
6.672999858856201
6.684999942779541
7.0254998207092285
7.234000205993652
7.162000179290772
7.16825008392334
6.982250213623047
6.746500015258789
6.64424991607666
6.638500213623047
6.142250061035156
5.8782501220703125
6.16349983215332
5.884500026702881
6.145750045776367
6.076499938964844
5.988249778747559
5.729249954223633
5.7804999351501465
5.526500225067139
4.985249996185303
5.196000099182129
4.957250118255615
4.640500068664551
5.074999809265137
5.270750045776367
5.452750205993652
5.373000144958496
5.294250011444092
5.276500225067139
5.344749927520752
5.149750232696533
5.141749858856201
4.738500118255615
4.982749938964844
4.929749965667725
5.059750080108643
4.110750198364258
3.617500066757202
3.7269999980926514
3.6177499294281006
3.625
3.826250076293945
3.843250036239624
4.0017499923706055
3.934000015258789
4.085750102996826
4.250999927520752
3.9277501106262207
3.9572501182556152
3.690249919891357
3.796499967575073
3.704750061035156
3.722500085830689
3.722249984741211
3.661250114440918
3.5894999504089355
3.673500061035156
3.46274995803833
3.377500057220459
3.2392499446868896
3.177000045776367
3.327500104904175
3.279249906539917
3.341249942779541
3.337500095367432
3.4054999351501465
3.1997499465942383
3.404750108718872
3.5850000381469727
3.4957499504089355
3.564500093460083
3.630749940872192
3.720750093460083
3.760999917984009
3.7467501163482666
3.720999956130981
3.7929999828338623
3.923249959945679
3.719249963760376
3.732249975204468
3.946000099182129
4.003749847412109
3.4502499103546143
3.289999961853028
3.4347500801086426
3.59375
3.618249893188477
3.7295000553131104
3.7487499713897705
3.825000047683716
3.685499906539917
3.70425009727478
3.661250114440918
3.779249906539917
3.822000026702881
3.8632500171661377
3.933500051498413
3.9159998893737793
3.963749885559082
3.89424991607666
3.979749917984009
3.967250108718872
3.927500009536743
3.8852500915527344
3.8564999103546143
3.911250114440918
3.919500112533569
3.913000106811523
3.8012499809265137
3.7314999103546143
3.766000032424927
4.028500080108643
4.063000202178955
4.215499877929688
4.138999938964844
4.245250225067139
4.223750114440918
4.392749786376953
4.360000133514404
4.598499774932861
4.4375
4.3445000648498535
4.421750068664551
4.412499904632568
4.431250095367432
4.488999843597412
4.557000160217285
4.574999809265137
4.715499877929688
4.706500053405762
4.773749828338623
4.794750213623047
4.731500148773193
4.802499771118164
4.78849983215332
4.750249862670898
4.617499828338623
4.705249786376953
4.682250022888184
4.65749979019165
4.711750030517578
4.766749858856201
4.779250144958496
4.672749996185303
4.452250003814697
4.483250141143799
4.525000095367432
4.511750221252441
4.579750061035156
4.575250148773193
4.496250152587891
4.327750205993652
4.3480000495910645
4.254749774932861
4.2204999923706055
3.961250066757202
4.051000118255615
3.989500045776367
4.004749774932861
3.913249969482422
3.793750047683716
3.876499891281128
3.805000066757202
3.683000087738037
3.628750085830689
3.583250045776367
3.508500099182129
3.477750062942505
3.3864998817443848
3.344500064849853
3.575000047683716
3.532000064849853
3.594500064849853
3.637500047683716
3.710750102996826
3.768749952316284
3.6549999713897705
3.7065000534057617
3.615999937057495
3.6257500648498535
3.822000026702881
3.828000068664551
3.8524999618530273
3.7939999103546143
3.816499948501587
3.786999940872192
3.9814999103546143
4.080749988555908
4.10575008392334
4.154250144958496
4.055749893188477
4.068749904632568
4.005750179290772
3.9302499294281006
3.93274998664856
4.001500129699707
4.1570000648498535
4.190249919891357
4.1817498207092285
4.177000045776367
4.24275016784668
4.254499912261963
4.210999965667725
4.2829999923706055
4.391499996185303
4.46649980545044
4.334499835968018
4.3767499923706055
4.370500087738037
4.386250019073486
4.2179999351501465
4.123000144958496
4.029749870300293
3.7697501182556152
3.808749914169312
3.847249984741211
3.9565000534057617
3.8545000553131104
3.786250114440918
3.901249885559082
3.7517499923706055
3.719249963760376
3.989000082015991
4.269499778747559
4.196750164031982
4.280749797821045
4.287000179290772
4.060999870300293
4.136250019073486
4.045000076293945
4.0304999351501465
4.175000190734863
4.187749862670898
4.104249954223633
4.218999862670898
4.493500232696533
4.466249942779541
4.512499809265137
4.579500198364258
4.608250141143799
4.606750011444092
4.548500061035156
4.505249977111816
4.526750087738037
4.499499797821045
4.423500061035156
4.317249774932861
4.370999813079834
4.3132500648498535
4.455749988555908
4.433499813079834
4.294000148773193
4.351749897003174
4.349999904632568
4.326000213623047
4.532750129699707
4.54925012588501
4.608250141143799
4.430749893188477
4.517749786376953
4.57574987411499
4.649750232696533
4.663249969482422
4.909249782562256
4.855249881744385
4.857250213623047
4.762249946594238
4.90024995803833
4.890250205993652
4.8772501945495605
4.921500205993652
5.113500118255615
5.169750213623047
5.072999954223633
5.074999809265137
5.0254998207092285
5.0647501945495605
5.262499809265137
5.240250110626221
5.1907501220703125
5.208499908447266
5.194499969482422
5.204500198364258
5.240250110626221
5.214250087738037
5.244750022888184
5.104750156402588
5.307000160217285
5.199749946594238
5.2795000076293945
5.254499912261963
5.272250175476074
5.530250072479248
5.425000190734863
5.455999851226807
5.418499946594238
5.231249809265137
5.191500186920166
5.235499858856201
5.218500137329102
5.3042497634887695
5.3042497634887695
5.349500179290772
5.433499813079834
5.601749897003174
5.59975004196167
5.628749847412109
5.707250118255615
5.737750053405762
5.886499881744385
5.984250068664551
5.9704999923706055
5.965499877929688
5.979750156402588
5.921750068664551
5.808000087738037
5.882500171661377
5.99774980545044
5.901750087738037
5.926499843597412
5.9982500076293945
6.009500026702881
6.075500011444092
6.107999801635742
6.299499988555908
6.182000160217285
6.139249801635742
6.223249912261963
6.23199987411499
6.198500156402588
6.252749919891357
6.321499824523926
6.26200008392334
6.005000114440918
6.199250221252441
6.138500213623047
6.145249843597412
5.910749912261963
6.008250236511231
6.178249835968018
6.269000053405762
6.356249809265137
6.289750099182129
6.574250221252441
6.697249889373779
6.813499927520752
6.769499778747559
7.244750022888184
7.414249897003174
7.867499828338623
7.71750020980835
7.351749897003174
6.831999778747559
6.551249980926514
6.691249847412109
6.315000057220459
6.7517499923706055
6.910749912261963
6.647250175476074
7.112750053405762
6.832250118255615
6.651000022888184
6.136000156402588
6.526999950408936
6.161749839782715
5.407750129699707
6.020999908447266
4.909999847412109
5.4317498207092285
5.070499897003174
5.324250221252441
5.143750190734863
5.317249774932861
6.229499816894531
6.140500068664551
6.431000232696533
6.318250179290772
6.639750003814697
6.590000152587891
6.076749801635742
6.386750221252441
6.097750186920166
6.710000038146973
6.475749969482422
6.673749923706055
6.573750019073486
6.746250152587891
7.098750114440918
7.020999908447266
7.367499828338623
7.308000087738037
7.176249980926514
6.737750053405762
7.153749942779541
7.100249767303467
7.239749908447266
7.427000045776367
7.283999919891357
7.46150016784668
7.307000160217285
7.069499969482422
7.282249927520752
7.343500137329102
7.44474983215332
7.621749877929687
7.8125
8.065500259399414
7.802499771118164
7.78000020980835
8.030500411987305
8.490750312805176
8.750249862670898
8.805500030517578
8.970000267028809
8.775250434875488
9.026249885559082
8.71774959564209
8.525250434875488
8.487000465393066
8.875499725341797
8.806249618530273
8.825249671936035
8.769499778747559
8.766500473022461
8.920000076293945
8.805000305175781
9.04599952697754
9.36674976348877
8.796250343322754
8.932499885559082
9.173749923706056
9.068499565124512
9.236000061035156
9.218000411987305
9.261249542236328
9.52674961090088
9.449999809265137
9.23550033569336
9.489999771118164
9.154999732971191
9.199999809265137
9.497750282287598
9.529999732971191
9.612250328063965
9.83924961090088
9.871749877929688
10.215999603271484
10.508999824523926
10.479249954223633
10.052249908447266
10.376999855041504
10.227250099182127
10.134750366210938
10.201499938964844
10.510749816894531
10.328499794006348
10.438750267028809
10.12975025177002
10.194499969482422
10.421500205993652
10.215499877929688
10.465499877929688
10.61400032043457
10.614749908447266
11.010250091552734
11.227749824523926
11.286749839782717
11.33549976348877
11.19950008392334
11.164999961853027
10.850000381469728
11.440250396728516
11.442999839782717
11.564000129699709
12.336999893188477
12.260749816894531
12.138500213623049
12.140999794006348
12.683500289916992
12.720250129699709
12.75
12.77299976348877
12.628250122070312
13.147749900817873
13.374500274658203
13.821000099182127
14.346500396728516
13.01550006866455
12.6225004196167
11.913000106811523
12.71500015258789
12.311750411987305
12.16450023651123
12.872249603271484
12.991000175476074
12.51449966430664
12.463500022888184
12.189249992370604
12.517250061035156
12.637749671936035
12.123749732971191
12.347999572753906
12.873749732971191
13.03499984741211
13.225749969482422
13.530500411987305
13.614500045776367
13.062250137329102
13.642499923706056
13.736499786376951
13.96399974822998
13.838749885559082
13.762749671936035
14.22599983215332
14.248250007629396
14.095250129699709
13.970000267028809
13.81149959564209
13.497750282287598
13.645500183105469
13.524749755859377
13.361000061035156
13.590250015258787
13.141249656677246
13.396750450134276
12.626999855041504
13.02400016784668
12.534000396728516
12.580750465393066
13.01949977874756
13.794249534606934
14.15999984741211
14.562000274658203
13.630749702453612
12.770000457763672
13.41800022125244
13.45674991607666
13.29699993133545
13.515250205993652
13.422249794006348
13.428750038146973
13.440250396728516
13.087750434875488
13.140000343322754
12.95775032043457
13.234749794006348
13.261249542236328
13.40149974822998
13.390000343322754
13.544500350952148
13.395999908447266
13.558250427246094
13.606749534606934
13.350000381469728
12.930749893188477
12.972249984741213
13.013250350952148
13.30875015258789
13.36050033569336
13.24250030517578
13.3412504196167
13.272000312805176
13.332249641418455
13.278249740600586
13.009249687194824
12.993749618530272
12.899999618530272
12.943249702453612
13.145750045776367
13.05500030517578
13.113499641418455
13.404749870300291
12.614500045776367
13.343999862670898
13.27674961090088
13.621500015258787
13.484749794006348
13.531749725341797
13.200249671936035
12.85949993133545
13.025250434875488
13.365750312805176
13.86750030517578
13.712499618530272
13.653249740600586
13.435250282287598
12.917750358581545
13.050999641418455
12.989749908447266
13.237000465393066
13.556750297546388
13.530500411987305
13.664250373840332
13.590999603271484
14.438750267028809
14.263250350952148
14.764249801635742
15.250749588012695
14.96125030517578
15.330249786376951
14.906000137329102
14.82900047302246
14.92650032043457
14.35575008392334
14.142000198364258
14.49899959564209
13.307499885559082
13.714500427246094
13.841750144958496
13.40625
12.804750442504885
12.37024974822998
12.46150016784668
11.593250274658203
12.52025032043457
12.468250274658203
12.993499755859377
12.855999946594238
13.19124984741211
13.291250228881836
13.3412504196167
12.72249984741211
12.845749855041504
13.186249732971191
13.07075023651123
12.642999649047852
12.535249710083008
12.83924961090088
12.948249816894531
12.871749877929688
13.34825038909912
13.811750411987305
13.987500190734863
13.861499786376951
14.143500328063965
14.31700038909912
14.399999618530272
15.208999633789062
15.679499626159668
15.277000427246094
16.137250900268555
15.912500381469728
15.361749649047852
15.171250343322754
15.36050033569336
14.850250244140623
15.265250205993652
15.477999687194824
15.381750106811523
15.27674961090088
15.324749946594238
15.009499549865724
14.836750030517578
14.35124969482422
14.458499908447266
14.52299976348877
14.812250137329102
14.26574993133545
14.306249618530272
13.758500099182127
13.665249824523926
14.243000030517578
14.165499687194824
14.01574993133545
14.065750122070312
14.612500190734863
14.99174976348877
15.612000465393066
15.647749900817873
15.699999809265137
15.48799991607666
16.24449920654297
16.26449966430664
16.778249740600586
16.969749450683594
17.578250885009766
17.618999481201172
17.457000732421875
17.35824966430664
17.424999237060547
17.82525062561035
18.018749237060547
17.78849983215332
17.81024932861328
18.6572494506836
18.638750076293945
18.427249908447266
18.886749267578125
19.057249069213867
19.20549964904785
19.0310001373291
19.98500061035156
20.026750564575195
20.002500534057617
20.21199989318848
20.48699951171875
20.69849967956543
20.371749877929688
19.90275001525879
20.050249099731445
20.512500762939453
20.25
19.84149932861328
18.966249465942383
18.160999298095703
18.77975082397461
18.61199951171875
19.40999984741211
19.5939998626709
19.558000564575195
19.29400062561035
19.20800018310547
19.50300025939941
19.66200065612793
19.499000549316406
19.75
19.815000534057617
20.27400016784668
20.636999130249023
20.36599922180176
20.295000076293945
19.93600082397461
19.698999404907227
19.905000686645508
20.1879997253418
19.950000762939453
19.45800018310547
19.040000915527344
19.79800033569336
20.81599998474121
21.95800018310547
21.792999267578125
22.21299934387207
22.06800079345703
22.63599967956543
22.6879997253418
22.38500022888184
22.44099998474121
22.395999908447266
22.843000411987305
22.66200065612793
22.339000701904297
22.177000045776367
22.47800064086914
22.152000427246094
22.242000579833984
22.340999603271484
22.242000579833984
21.89999961853028
21.113000869750977
21.246000289916992
21.94099998474121
22.48200035095215
22.08099937438965
21.65999984741211
20.698999404907227
20.51700019836425
20.715999603271484
20.742000579833984
19.73200035095215
20.451000213623047
20.700000762939453
21.075000762939453
20.83099937438965
20.69499969482422
20.67099952697754
20.93899917602539
21.746000289916992
21.86199951171875
22.222000122070312
22.290000915527344
22.10300064086914
22.691999435424805
22.72599983215332
23.166000366210938
24.71699905395508
24.451000213623047
24.94099998474121
25.566999435424805
25.82699966430664
26.400999069213867
26.597999572753903
29.801000595092773
29.75200080871582
30.804000854492188
30.65699958801269
29.458999633789062
30.38999938964844
30.38999938964844
30.02499961853028
30.202999114990234
29.26099967956543
31.674999237060547
32.98500061035156
31.95599937438965
31.746000289916992
32.67399978637695
31.50300025939941
33.375999450683594
32.67599868774414
31.434999465942383
32.125999450683594
30.69300079345703
30.03700065612793
32.426998138427734
31.826000213623047
30.489999771118164
30.19799995422364
28.160999298095703
28.33699989318848
30.458999633789062
28.386999130249023
27.801000595092773
27.7189998626709
29.075000762939453
29.39999961853028
29.63999938964844
30.94499969482422
30.32200050354004
30.0009994506836
29.586000442504883
29.410999298095703
30.121000289916992
29.290000915527344
27.60400009155273
28.17799949645996
27.246999740600582
27.39999961853028
27.816999435424805
27.999000549316406
26.575000762939453
26.941999435424805
25.902999877929688
25.066999435424805
24.14999961853028
23.374000549316406
23.371999740600582
22.323999404907227
22.77199935913086
21.944000244140625
22.84000015258789
24.48600006103516
24.63800048828125
25.242000579833984
23.94799995422364
24.319000244140625
24.72800064086914
25.107999801635746
26.70499992370605
25.823999404907227
23.948999404907227
24.26700019836425
26.4950008392334
26.51099967956543
24.506999969482425
23.64200019836425
23.38999938964844
22.386999130249023
23.74799919128418
24.15699958801269
24.38500022888184
23.47699928283692
24.21999931335449
23.714000701904297
22.93600082397461
21.35199928283692
21.513999938964844
23.013999938964844
22.65800094604492
22.100000381469727
21.32999992370605
22.972999572753903
24.496000289916992
24.766000747680664
26.452999114990234
26.733999252319336
26.52400016784668
25.63400077819824
28.14999961853028
27.691999435424805
28.2189998626709
28.6560001373291
27.690000534057617
27.285999298095703
26.71199989318848
27.36000061035156
25.93099975585937
24.40699958801269
24.20800018310547
23.11899948120117
21.91699981689453
21.503999710083008
22.202999114990234
21.257999420166016
21.78300094604492
22.19799995422364
21.48200035095215
20.183000564575195
19.51499938964844
19.902000427246094
18.788000106811523
18.415000915527344
19.78199958801269
18.54700088500977
19.53300094604492
19.60199928283692
20.333999633789062
18.8439998626709
18.674999237060547
16.950000762939453
17.594999313354492
16.6299991607666
16.174999237060547
17.70599937438965
17.263999938964844
18.177000045776367
16.937999725341797
17.124000549316406
16.694000244140625
16.898000717163086
16.15399932861328
16.975000381469727
17.85099983215332
18.81100082397461
18.67200088500977
18.31999969482422
19.59199905395508
18.71999931335449
18.785999298095703
18.926000595092773
18.64800071716309
18.04800033569336
16.974000930786133
15.647000312805176
15.836000442504885
16.527000427246094
15.60099983215332
15.880000114440918
16.56599998474121
16.360000610351562
16.225000381469727
17.125999450683594
16.868999481201172
15.982000350952148
15.541999816894531
15.159000396728516
14.52299976348877
14.96399974822998
15.130000114440918
15.857999801635742
15.838000297546388
15.152000427246094
15.08199977874756
15.163999557495115
15.371999740600586
15.76200008392334
16.10099983215332
16.992000579833984
17.80699920654297
18.049999237060547
17.319000244140625
17.02400016784668
16.533000946044922
17.790000915527344
17.983999252319336
18.163000106811523
18.44099998474121
18.525999069213867
18.89299964904785
19.21500015258789
18.98900032043457
17.792999267578125
17.086000442504883
18.097000122070312
17.941999435424805
18.708999633789062
19.03199958801269
18.878999710083008
18.334999084472656
18.77300071716309
17.849000930786133
17.034000396728516
17.180999755859375
17.222000122070312
17.913000106811523
16.260000228881836
15.800999641418455
15.468000411987305
15.093999862670898
13.937000274658203
13.647000312805176
13.46500015258789
13.71399974822998
13.989999771118164
14.38700008392334
14.505000114440918
13.130999565124512
13.128000259399414
12.928999900817873
13.197999954223633
13.381999969482422
13.175999641418455
13.26099967956543
12.560999870300291
12.515999794006348
12.227999687194824
12.413000106811523
12.736000061035156
12.220000267028809
12.138999938964844
12.51200008392334
13.166999816894531
13.208999633789062
13.130000114440918
12.076000213623049
11.670000076293944
11.586000442504885
11.5
11.960000038146973
11.22700023651123
11.887999534606934
11.967000007629396
12.050999641418455
12.194000244140623
12.465999603271484
12.598999977111816
13.26099967956543
12.895999908447266
13.175999641418455
13.833999633789062
13.496999740600586
13.54300022125244
13.218999862670898
13.42099952697754
14.156000137329102
14.300999641418455
14.60200023651123
13.776000022888184
15.75
16.32699966430664
16.295000076293945
16.666000366210938
15.90999984741211
15.677000045776367
15.409000396728516
15.31700038909912
16.038000106811523
16.518999099731445
16.270000457763672
15.82699966430664
15.638999938964844
16.92300033569336
17.135000228881836
16.875999450683594
16.610000610351562
15.987000465393066
16.1200008392334
17.16900062561035
17.000999450683594
17.53499984741211
18.07200050354004
17.673999786376953
16.95199966430664
16.570999145507812
16.253999710083008
16.084999084472656
16.500999450683594
15.33899974822998
15.206000328063965
14.121000289916992
14.03600025177002
14.602999687194824
14.61400032043457
14.3149995803833
14.74899959564209
14.265000343322754
14.859000205993652
15.628000259399414
15.909000396728516
16.000999450683594
16.51099967956543
16.89900016784668
17.70199966430664
17.37700080871582
16.764999389648438
17.839000701904297
19.19300079345703
19.26499938964844
19.32299995422364
19.802000045776367
20.364999771118164
19.16200065612793
19.53700065612793
20.94300079345703
21.708999633789062
21.100000381469727
21.089000701904297
22.17300033569336
22.20499992370605
22.33699989318848
21.26499938964844
21.788000106811523
22.97100067138672
22.763999938964844
22.00200080871582
21.38800048828125
20.655000686645508
20.753999710083008
23.66399955749512
23.285999298095703
23.5009994506836
23.215999603271484
22.69799995422364
23.31399917602539
23.88999938964844
23.554000854492188
23.288000106811523
24.18099975585937
23.43600082397461
22.96500015258789
22.965999603271484
24.0629997253418
24.22800064086914
25.541000366210938
25.725000381469727
25.89999961853028
26.198999404907227
26.468000411987305
27.19099998474121
26.77899932861328
26.5310001373291
26.40999984741211
26.983999252319336
27.382999420166016
27.777000427246094
27.96500015258789
27.452999114990234
26.881000518798828
27.03700065612793
27.57900047302246
27.16900062561035
26.4950008392334
26.46299934387207
26.757999420166016
27.00200080871582
27.66699981689453
27.93099975585937
27.10400009155273
27.11899948120117
27.04199981689453
26.24099922180176
26.95599937438965
27.22599983215332
27.749000549316406
28.90999984741211
28.209999084472656
27.802000045776367
27.562000274658203
28.68000030517578
29.150999069213867
28.57099914550781
28.88500022888184
28.577999114990234
28.34000015258789
28.952999114990234
29.21299934387207
30.17799949645996
31.67799949645996
31.263999938964844
31.176000595092773
30.6879997253418
30.538000106811523
37.97999954223633
38.94599914550781
40.11100006103516
37.83399963378906
39.77000045776367
39.32699966430664
39.17100143432617
38.65399932861328
37.47499847412109
38.5099983215332
38.77000045776367
39.48199844360352
41.02199935913086
42.99700164794922
42.65299987792969
42.69200134277344
43.80799865722656
43.04499816894531
43.025001525878906
42.20899963378906
40.63199996948242
41.8759994506836
41.117000579833984
40.821998596191406
42.30199813842773
42.41299819946289
42.31700134277344
42.10300064086914
42.50299835205078
42.18000030517578
42.40499877929688
43.902000427246094
45.97700119018555
45.46900177001953
46.46099853515625
47.49399948120117
47.07699966430664
45.52000045776367
44.30899810791016
44.61199951171875
45.67900085449219
45.45199966430664
45.900001525878906
46.75
46.729000091552734
46.50699996948242
44.26900100708008
44.51499938964844
44.68000030517578
45.41699981689453
44.66400146484375
42.55400085449219
42.38800048828125
40.85499954223633
43.75299835205078
43.93999862670898
43.48600006103516
43.34400177001953
43.29899978637695
46.96699905395508
45.667999267578125
47.11600112915039
47.16299819946289
46.01800155639648
46.834999084472656
48.78400039672852
49.26399993896485
49.35499954223633
48.50899887084961
48.54800033569336
47.06100082397461
46.24100112915039
45.571998596191406
45.178001403808594
44.869998931884766
45.48500061035156
45.58100128173828
43.900001525878906
43.96599960327149
43.52000045776367
42.23899841308594
41.016998291015625
41.61000061035156
42.22200012207031
41.9109992980957
42.46799850463867
43.0890007019043
43.499000549316406
44.78200149536133
43.516998291015625
44.04100036621094
44.6879997253418
45.762001037597656
45.27299880981445
45.79800033569336
46.805999755859375
46.94499969482422
45.46099853515625
46.095001220703125
43.9379997253418
42.19599914550781
42.10100173950195
41.387001037597656
42.97499847412109
43.66299819946289
41.77899932861328
40.32600021362305
40.5
41.1609992980957
40.77999877929688
42.32500076293945
43.50600051879883
45.005001068115234
45.7509994506836
45.95500183105469
46.57400131225586
46.95000076293945
48.334999084472656
48.619998931884766
49.65599822998047
48.88800048828125
49.47999954223633
49.29800033569336
50.40900039672852
49.94400024414063
48.71599960327149
47.7760009765625
48.242000579833984
47.82099914550781
48.13999938964844
46.77000045776367
46.76499938964844
45.5099983215332
46.56600189208984
45.50299835205078
46.59600067138672
47.50600051879883
46.62699890136719
47.65700149536133
48.0880012512207
48.34999847412109
48.88999938964844
50.07699966430664
49.604000091552734
48.11100006103516
48.9900016784668
48.83000183105469
49.27899932861328
49.41699981689453
49.52199935913086
49.52199935913086
48.167999267578125
47.56900024414063
47.99800109863281
49.09700012207031
52.25299835205078
53.13999938964844
54.34999847412109
54.821998596191406
54.709999084472656
56.38199996948242
56.053001403808594
57.10699844360352
59.49100112915039
59.65399932861328
59.87300109863281
61.36199951171875
61.617000579833984
61.03099822998047
62.46500015258789
62.77399826049805
61.527000427246094
63.027000427246094
66.16000366210938
69.33200073242188
68.2229995727539
70.0989990234375
69.64099884033203
72.13300323486328
72.24800109863281
72.12799835205078
73.9000015258789
72.65799713134766
72.61299896240234
69.4520034790039
67.47200012207031
78.53800201416016
78.81700134277344
79.09200286865234
78.70099639892578
77.66300201416016
79.11199951171875
82.27899932861328
85.23699951171875
85.96399688720703
88.69999694824219
92.66899871826172
87.52799987792969
85.77400207519531
91.91300201416016
90.88800048828124
87.94400024414062
87.83699798583984
88.45500183105469
89.39800262451172
90.37200164794922
91.43499755859376
94.28900146484376
95.0019989013672
92.56099700927734
90.25
90.3560028076172
90.36299896240234
89.4520034790039
88.96399688720703
85.90499877929688
88.00800323486328
87.13300323486328
85.35399627685547
87.03900146484375
90.61599731445312
88.18599700927734
86.0009994506836
87.41500091552734
84.03500366210938
84.6709976196289
76.19999694824219
79.51799774169922
82.4229965209961
79.677001953125
82.63200378417969
87.73500061035156
87.75700378417969
86.4020004272461
83.04100036621094
85.81700134277344
88.78900146484375
92.13999938964844
90.5540008544922
90.41200256347656
88.74700164794922
89.87799835205078
90.39900207519533
91.3560028076172
94.62999725341795
94.35900115966795
92.47899627685548
94.77999877929688
95.38600158691406
94.9499969482422
103.79900360107422
106.46900177001952
113.9010009765625
114.8249969482422
110.5
109.63300323486328
